0 0.30045
1 0.84071919
2 0.5356417342629758
3 0.9949186671149096
4 0.02022205176480513
5 0.07925248154890668
6 0.2918861028689876
7 0.8267544232837695
8 0.5729261874579649
9 0.978727084731383
10 0.08328151337836484
11 0.3053828116310963
12 0.8484965999655306
13 0.5142004792498597
14 0.9991933855562972
15 0.00322385526736796
16 0.012853848098332095
17 0.050754506749588396
18 0.19271394717677753
19 0.6223011269612949
20 0.9401697373759889
21 0.225002409193412
22 0.6975053002022895
23 0.8439666255680139
24 0.5267478419814148
25 0.9971382117973491
26 0.011414393483736383
27 0.045136420420539274
28 0.1723964958886384
29 0.5707037763758284
30 0.9800039040247874
31 0.07838500848385063
32 0.2889631957153492
33 0.821853868949288
34 0.5856403481694982
35 0.9706629230616285
36 0.11390565142033432
37 0.4037246159793745
38 0.9629242017267243
39 0.14280473382270018
40 0.4896461672821117
41 0.9995711925921998
42 0.0017144941280286949
43 0.0068462185516546
44 0.02719739137279032
45 0.10583077310122237
46 0.3785224822640798
47 0.9409728507388768
48 0.22217177964491305
49 0.691245919897301
