0 0.3
1 0.84
2 0.5376000000000001
3 0.9943449599999999
4 0.02249224209039382
5 0.08794536454456375
6 0.32084390959875014
7 0.8716123810885569
8 0.4476169528867727
9 0.9890240655005337
10 0.043421853445318986
11 0.1661455843547689
12 0.5541649166167251
13 0.9882646472316129
14 0.04639053705515447
15 0.17695382050755523
16 0.5825646636613406
17 0.9727323052579588
18 0.10609667026198408
19 0.3793606672852156
20 0.9417846056085262
21 0.21930544898927595
22 0.6848422761315521
23 0.8633333318180282
24 0.4719555599600425
25 0.996854037531381
26 0.012544261555060079
27 0.04954761222839328
28 0.1883705854034322
29 0.6115484318328018
30 0.950227789422571
31 0.18917975052666017
32 0.6135630900693232
33 0.9484136982956272
34 0.19570062072335304
35 0.6296075510873894
36 0.932807530804519
37 0.25071056511558154
38 0.7514191106200292
39 0.7471537232601341
40 0.7556601483146123
41 0.7385515542550019
42 0.7723726238500916
43 0.7032526151080659
44 0.8347534978069296
45 0.5517603828241038
46 0.9892834510796089
47 0.042406817998511814
48 0.16243391914301164
49 0.5441965642194128
