0 0.3001
1 0.8401599599999999
2 0.5371648064511938
3 0.9944751086457813
4 0.021977467718971282
5 0.08597783452653143
6 0.3143425859866393
7 0.8621252984874862
8 0.4754610727813961
9 0.9975913642038401
10 0.00961133707904546
11 0.038075837114393704
12 0.14650427096972746
13 0.5001630782294245
14 0.9999998936219644
15 4.255120971450102e-07
16 1.7020476643378614e-06
17 6.808179069486439e-06
18 2.7232530872736785e-05
19 0.0001089271570479962
20 0.00043566116768981456
21 0.0017418854681471268
22 0.006955405212651939
23 0.027628110203919014
24 0.10745919092191648
25 0.38364685283329436
26 0.9458477805776118
27 0.20487902621607101
28 0.651614443331302
29 0.9080522422933576
30 0.33397347023745205
31 0.8897407656600231
32 0.39240854233095573
33 0.953696312946601
34 0.1766386224746397
35 0.5817496780996056
36 0.9732679605224435
37 0.10406975017170758
38 0.3729569490836238
39 0.9354402528554363
40 0.24156714477277477
41 0.7328498373564162
42 0.7831238129723621
43 0.6793636261119637
44 0.8713147585118708
45 0.4485014004450843
46 0.9893915769755298
47 0.04198353754161629
48 0.16088368046843193
49 0.5400004873094537
