0 0.30015
1 0.84023991
2 0.5369472145727676
3 0.9945396133412555
4 0.021722283345125968
5 0.08500170300560013
6 0.3111056539669915
7 0.8572757041470482
8 0.48941628490492345
9 0.9995519398991449
10 0.0017914373720043847
11 0.0071529124965862825
12 0.02840699335760985
13 0.11040014434396224
14 0.3928478098911781
15 0.9540736326195317
16 0.1752685446388102
17 0.5781979275960143
18 0.975540336478754
19 0.09544555352669354
20 0.34534279935470646
21 0.9043246011542456
22 0.3460864676058408
23 0.9052424981838083
24 0.3431140706629845
25 0.9015472207042439
26 0.35503931817878903
27 0.9159456029037186
28 0.3079570217002481
29 0.852477977943044
30 0.5030371002607319
31 0.999963104088025
32 0.00014757820266662522
33 0.0005902256933628916
34 0.0023595093079751437
35 0.00941576809520289
36 0.037308445625521
37 0.14366610204211416
38 0.492104612664556
39 0.9997506514352932
40 0.0009971455600003923
41 0.003984605042930255
42 0.01587491186232844
43 0.062491596142766975
44 0.23434558621718515
45 0.717710929750836
46 0.8104078042681063
47 0.614587980197812
48 0.9474783791767434
49 0.1990524006774187
