0 0.3003
1 0.84047964
2 0.5362944589818817
3 0.99473084898885
4 0.020965548235086777
5 0.08210397608915611
6 0.30145165279802955
7 0.8423142152934632
8 0.5312839120320821
9 0.9960852673918758
10 0.015597629906924553
11 0.06141737539284466
12 0.23058112557079624
13 0.7096538804052037
14 0.8241810017241622
15 0.579626712484475
16 0.9746383466356591
17 0.09887375961187178
18 0.3563909570883423
19 0.9175057711759905
20 0.30275572413896573
21 0.8443787825602248
22 0.5256130164893497
23 0.9973758935452652
24 0.010468882080195937
25 0.04143713835274756
26 0.15888040767153128
27 0.5345496949186371
28 0.9952252743241164
29 0.019007710682414438
30 0.07458567046811226
31 0.27609059291573773
32 0.7994583096766964
33 0.6412988830623032
34 0.9201385025813823
35 0.29393455459469525
36 0.8301481288396535
37 0.5640088520947022
38 0.9836114674140741
39 0.06447979434242368
40 0.2412886018559297
41 0.7322736498813613
42 0.7841958062831631
43 0.6769309747642513
44 0.8747817206758874
45 0.4381546473888843
46 0.9847006094416271
47 0.060261276827661185
48 0.2265194213710447
49 0.7008334924510873
