0 0.30035
1 0.84055951
2 0.5360768805942397
3 0.9947938347463559
4 0.020716244387983578
5 0.08114832642576367
6 0.2982531021762455
7 0.8371927568739662
8 0.5452041788469373
9 0.9918263288590964
10 0.0324274489639359
11 0.12550363807050893
12 0.43900989960630254
13 0.9851208306158669
14 0.05863111881028566
15 0.2207740428693593
16 0.6881314594579104
17 0.8584262158489464
18 0.4861225911688179
19 0.9992296700965291
20 0.0030789459812429667
21 0.01227786429155022
22 0.04850847335995398
23 0.18462160548896245
24 0.6021458731025614
25 0.9582648824324617
26 0.15997319011664837
27 0.5375270742422043
28 0.9943668747952804
29 0.022405572420590176
30 0.08761425098038346
31 0.31975197602211936
32 0.8700425994082774
33 0.4522738984926604
34 0.9908888769396444
35 0.03611244198773844
36 0.13923333408568267
37 0.47938965106026943
38 0.9983008540663302
39 0.006785035347063658
40 0.02695599456961102
41 0.10491747570549648
42 0.3756391959883321
43 0.9381375617022862
44 0.2321419081023013
45 0.713008170419696
46 0.818510077337815
47 0.5942053225370364
48 0.9645014288227718
49 0.1369536904864139
