0 0.30024999999999996
1 0.84039975
2 0.53651204079975
3 0.9946674835065495
4 0.021216323045190142
5 0.0830647627265291
6 0.3046600316788581
7 0.847369187105181
8 0.5173385913995429
9 0.9987974929931188
10 0.004804243935118333
11 0.019124652701320848
12 0.07503560144149884
13 0.27762103983124553
14 0.802190392297054
15 0.6347238672134103
16 0.9273979184122535
17 0.2693240773474908
18 0.7871544748336544
19 0.6701692303320326
20 0.8841697321928146
21 0.4096544674676045
22 0.9673507390057514
23 0.1263331470031121
24 0.44149233188560866
25 0.9863074110872649
26 0.05402040768640762
27 0.20440881295920774
28 0.6505034005752615
29 0.9093949056611296
30 0.3295832448748593
31 0.8838325182904714
32 0.4106903916111798
33 0.9680951753977424
34 0.12354762707742722
35 0.4331344436838568
36 0.9821159895141307
37 0.07025669061924245
38 0.261282752169898
39 0.7720563023536867
40 0.7039414733985576
41 0.8336315017121017
42 0.5547600842613116
43 0.9880053326867761
44 0.047403181077075716
45 0.18062447800339873
46 0.5919971037975938
47 0.9661461315714189
48 0.13083113608400557
49 0.45485739965989597
