0 0.30005
1 0.84007999
2 0.5373824016063996
3 0.9944102242005514
4 0.022234120823842143
5 0.08695905878013173
6 0.31758872350482126
7 0.8669045048295978
8 0.4615243373429906
9 0.9940784935324161
10 0.023545768914953195
11 0.09196546272462727
12 0.3340312655618899
13 0.8898175167560484
14 0.3921692145205918
15 0.9534900868115754
16 0.1773869646545191
17 0.583683317700702
18 0.9719884093544134
19 0.1089077657403626
20 0.3881874572072196
21 0.9499918210968505
22 0.19002944378376022
23 0.6156730171159798
24 0.946479012445145
25 0.20262596578403227
26 0.6462747350964818
27 0.9144148074898163
28 0.313041469332714
29 0.8601860312429179
30 0.481064091589903
31 0.9985657254907377
32 0.0057288694635773485
33 0.02278419807298656
34 0.0890603135646299
35 0.3245142964495988
36 0.8768190713976828
37 0.4320295497239522
38 0.9815200715570853
39 0.07255368275063774
40 0.2691585834798302
41 0.7868489616758458
42 0.6708706927419565
43 0.8832128254475355
44 0.41259172165006663
45 0.9694391715036023
46 0.11850745703204602
47 0.41785375863937513
48 0.9730079801212879
49 0.10505380296631739
