0 0.30019999999999997
1 0.8403198399999999
2 0.5367296260094978
3 0.9946037382928097
4 0.021468568267111323
5 0.08403067537468682
6 0.30787808388304333
7 0.8523566773901964
8 0.5033790875941643
9 0.9999543270681238
10 0.00018268338343791106
11 0.0007306000408773069
12 0.002920265057830308
13 0.011646948439289293
14 0.04604518812536732
15 0.17570011510346742
16 0.5793183386243829
17 0.974834404631471
18 0.09812915271310599
19 0.35399928840365563
20 0.9147351688534444
21 0.3119789588644198
22 0.8585923523611699
23 0.48564609931233016
24 0.999175862140194
25 0.0032938346263759427
26 0.01313194111932012
27 0.051837972967035316
28 0.19660319010281693
29 0.6318015029768502
30 0.9305134552521733
31 0.2586326593873398
32 0.7669672275422883
33 0.7149139976735363
34 0.815247894415917
35 0.6024750602653233
36 0.9579954480944735
37 0.16096067809896988
38 0.5402093528195587
39 0.993532831783329
40 0.02570137580771327
41 0.10016326035721584
42 0.36052232652731375
43 0.9221839144105869
44 0.28704296965181697
45 0.8185972129011322
46 0.5939832637265225
47 0.9646685845572437
48 0.13633242610227067
49 0.47098358278135827
