0 0.3004
1 0.84063936
2 0.5358593056751617
3 0.9948564407859812
4 0.0204684120505226
5 0.08019782463461048
6 0.29506453423394696
7 0.8320058194850036
8 0.5590885433123648
9 0.9860341761968912
10 0.05508311827443745
11 0.20819587342240714
12 0.6594014068491526
13 0.8983647659780437
14 0.36522205290903387
15 0.9273396199117789
16 0.26952339701462524
17 0.7875221419052878
18 0.6693240716567822
19 0.8853174350302755
20 0.4061218970467577
21 0.9647476071436017
22 0.13603864661718565
23 0.4701285329750005
24 0.9964307818310976
25 0.014225915402260838
26 0.056094154932914225
27 0.21179040286110576
28 0.6677409124681452
29 0.8874519451374162
30 0.3995239608369305
31 0.9596182622164052
32 0.15500421214868706
33 0.5239116254594075
34 0.997712936671556
35 0.009127330679102636
36 0.036176090055107794
37 0.1394695222537301
38 0.48007109846418555
39 0.9984113555343032
40 0.006344482697833813
41 0.0252169209485228
42 0.098324111385595
43 0.35462592202331245
44 0.9154655098097119
45 0.30955364063422486
46 0.8549207368172881
47 0.49612508230829333
48 0.99993994005153
49 0.00024022536509046285
