0 0.00045000000000000595
1 0.0007191899999999807
2 0.0019582657370242895
3 0.0005737071149096717
4 0.0022701903255886897
5 0.00869288299565707
6 0.02895780672976256
7 0.04485795780478741
8 0.12530923457119214
9 0.02122724233674078
10 0.08309882999492693
11 0.304652211590219
12 0.8455763349077003
13 0.9766176987923236
14 0.9539547054965971
15 0.9540732071074346
16 0.9746366445879947
17 0.9748275964524015
18 0.9755131039478813
19 0.999120742939481
20 0.9413489444408364
21 0.9630057216754546
22 0.9603953337930995
23 0.9697477833413463
24 0.9887069800599981
25 0.9938443771709732
26 0.9344333870938754
27 0.8708091824831794
28 0.8228287784354781
29 0.8903871949787151
30 0.9054182335566752
31 0.9215780956041744
32 0.8698950212056108
33 0.9675049497043795
34 0.9953534273635809
35 0.9615355923825258
36 0.9459398994590229
37 0.49375216147545975
38 0.7370181018964321
39 0.9929656160882295
40 0.7546630027546118
41 0.9955865875492695
42 0.7824813121551344
43 0.9811591141351216
44 0.8882681184369215
45 0.8636083984023799
46 0.8708841199434838
47 0.9241625940298026
48 0.8691088039675244
49 0.7005932670859968
